4 0.1466 0.9145 0.0434 0.1612 
1 0.1886 0.8489 0.041 0.0283 
0 0.4791 0.4717 0.0398 0.0571 
0 0.1891 0.2011 0.0222 0.0665 
0 0.2478 0.162 0.0097 0.0197 
0 0.3267 0.1727 0.0069 0.0114 
0 0.2871 0.1697 0.0045 0.0054 
0 0.0084 0.3189 0.0166 0.0277 
0 0.4006 0.15 0.0153 0.03 
0 0.4193 0.2089 0.0048 0.012 
0 0.4922 0.1998 0.0107 0.0308 
0 0.5122 0.1515 0.0178 0.0297 
0 0.4476 0.0037 0.0083 0.0068 
0 0.4884 0.007 0.0078 0.0128 
0 0.3791 0.4776 0.0064 0.0237 
0 0.5359 0.1741 0.0116 0.0131 
0 0.672 0.51 0.0119 0.0171 
4 0.8544 0.7497 0.0419 0.1638 
1 0.896 0.8109 0.0414 0.0482 
1 0.8126 0.8151 0.039 0.0285 
0 0.8272 0.1754 0.0133 0.0123 
0 0.6517 0.269 0.0293 0.0722 
0 0.9953 0.2878 0.0081 0.038 
