3 0.0791 0.6313 0.0093 0.0559 
3 0.1013 0.6417 0.0105 0.0442 
3 0.1483 0.7414 0.0107 0.0303 
3 0.1622 0.7213 0.0047 0.0106 
3 0.1792 0.7165 0.0171 0.0454 
3 0.186 0.7962 0.0155 0.0485 
3 0.1752 0.8572 0.009 0.0208 
3 0.5478 0.8526 0.009 0.0385 
3 0.3803 0.7342 0.0097 0.026 
3 0.402 0.7313 0.0047 0.0117 
3 0.386 0.8205 0.0028 0.0068 
3 0.4651 0.6995 0.014 0.0417 
3 0.5907 0.7793 0.0028 0.0357 
3 0.5461 0.6183 0.0053 0.0265 
3 0.5337 0.632 0.0043 0.0111 
3 0.5959 0.4231 0.0229 0.0745 
3 0.6459 0.5529 0.0124 0.0345 
3 0.5088 0.4923 0.0121 0.0103 
3 0.6209 0.6797 0.0047 0.0094 
3 0.9139 0.763 0.0033 0.018 
3 0.9414 0.5811 0.0321 0.1564 
3 0.9816 0.647 0.0047 0.0348 
3 0.9925 0.5415 0.0109 0.0146 
